1 1 0.0
1 2 1.3468973238495856
1 3 0.4580873558923679
1 4 0.4600796556424364
1 5 0.5845107518574066
1 6 0.4580873558923679
1 7 0.46236722914122436
1 8 0.5843678145668144
1 9 0.4599886760340645
1 10 0.4579135407340369
1 11 0.5843678145668144
1 12 1.3409381952788015
1 13 0.4599886760340645
1 14 1.3383925041547455
1 15 0.06863089904407936
1 16 0.11241309339532758
1 17 0.06029075544626931
1 18 0.06029075544626931
1 19 0.06875135994573003
1 20 0.06854825488508758
1 21 0.06877812259749565
1 22 0.06861464832008893
1 23 0.0
1 24 0.0
1 25 0.0
1 26 0.0
1 27 0.06863089904407936
1 28 0.028571444957101063
1 29 0.06863089904407936
1 30 0.45798108364221984
1 31 0.4599886760340645
1 32 0.46242500507785184
1 33 0.4601794349937356
1 34 1.3402559272451806
1 35 1.3468640162621464
1 36 1.337373070077792
1 37 1.345750353653058
1 38 1.3916036258774023
1 39 1.3916010630099687
1 40 1.391601803428856
1 41 1.3919719187969979
1 42 1.3915943540003333
1 43 1.3905168023182501
1 44 1.3883371147652395
1 45 1.3883297316802194
1 46 1.3919723957289156
1 47 1.3919700110126283
1 48 1.3915850443359594
1 49 1.3916011093481249
1 50 1.3905315091176724
1 51 1.3331791808453772
1 52 1.340984036012755
1 53 1.3487256213068108
1 54 1.3457712010908482
1 55 1.3915992985305607
1 56 0.45791100015768044
1 57 0.06869798404416505
1 58 1.3936832359750981
1 59 1.3487209244526313
1 60 1.3205761522042168
1 61 1.3402550525204506
1 62 1.3409667084669625
1 63 1.3331791808453772
1 64 1.3936972949564794
1 65 1.3457539770478788
1 66 1.3468555625762668
1 67 1.3331815218096568
1 68 1.3936977454599941
1 69 1.391586803144729
1 70 1.3331815218096568
1 71 1.3916036258774023
1 72 1.3919721527402846
2 2 0.0
2 3 1.3870267012772706
2 4 1.3855997913326765
2 5 1.3282219346749948
2 6 1.3870267012772706
2 7 1.380687666734526
2 8 1.328212313985305
2 9 1.3856504870870654
2 10 1.387059355942428
2 11 1.328212313985305
2 12 0.10113712855295251
2 13 1.3856504870870654
2 14 1.0141231511174607
2 15 1.3509758605424842
2 16 1.3502400646218158
2 17 1.3477237891390157
2 18 1.3477237891390157
2 19 1.3509763965647972
2 20 1.3509759350142785
2 21 1.3509765322500753
2 22 1.3509691405908482
2 23 1.3468973238495856
2 24 1.3468973238495856
2 25 1.3468973238495856
2 26 1.3468973238495856
2 27 1.3509758605424842
2 28 1.3479542309606831
2 29 1.3509758605424842
2 30 1.3870617627484338
2 31 1.3856504870870654
2 32 1.3806875578452797
2 33 1.385616936131714
2 34 1.0273946993972425
2 35 0.008674769002997327
2 36 1.0134048030534586
2 37 0.057808262028181824
2 38 1.324923181192818
2 39 1.325527957514481
2 40 1.3255150375167541
2 41 1.327615042489832
2 42 1.3255213929026735
2 43 1.3202202719934244
2 44 1.3116325501013955
2 45 1.3105953427714683
2 46 1.3277122543971296
2 47 1.3276152405653205
2 48 1.3255460299599204
2 49 1.3255230441936952
2 50 1.3204814654876715
2 51 0.9875474325721942
2 52 0.10275226508403128
2 53 0.03177176173026141
2 54 0.05787058475131842
2 55 1.3255208819877358
2 56 1.387059613581524
2 57 1.350979234718067
2 58 1.3343464946010586
2 59 0.03144129193438381
2 60 0.8625719687574147
2 61 1.0273894035968298
2 62 0.10067365753664768
2 63 0.9875474325721942
2 64 1.334325959441947
2 65 0.05796139535225265
2 66 0.014975590365984028
2 67 0.9876199404431472
2 68 1.3342567034904314
2 69 1.3255530808301985
2 70 0.9876199404431472
2 71 1.324923181192818
2 72 1.32772824305646
3 3 0.0
3 4 0.02702256256452589
3 5 0.34640490643103045
3 6 0.0
3 7 0.058143009418868866
3 8 0.3462632575030124
3 9 0.025231805112520052
3 10 0.013336558229935774
3 11 0.3462632575030124
3 12 1.3846502473420441
3 13 0.025231805112520052
3 14 1.3845567491263693
3 15 0.41061884687619643
3 16 0.3798803788779277
3 17 0.41840522004488795
3 18 0.41840522004488795
3 19 0.4105489536578164
3 20 0.4106163681389292
3 21 0.41064144534550323
3 22 0.4106402695004126
3 23 0.4580873558923679
3 24 0.4580873558923679
3 25 0.4580873558923679
3 26 0.4580873558923679
3 27 0.41061884687619643
3 28 0.4381827471559674
3 29 0.41061884687619643
3 30 0.0187310215312206
3 31 0.025231805112520052
3 32 0.05701856982193221
3 33 0.028859625084622177
3 34 1.3853352674602482
3 35 1.387055298495467
3 36 1.383915936201742
3 37 1.386559138365605
3 38 1.404943375747828
3 39 1.4049546193458455
3 40 1.4049549154840832
3 41 1.4050452982156305
3 42 1.4049539506167994
3 43 1.4044889913051748
3 44 1.4036083273778848
3 45 1.403607690817315
3 46 1.4050292340119737
3 47 1.4050440695431916
3 48 1.4049564363402418
3 49 1.4049521265338096
3 50 1.4044911590668134
3 51 1.3821778103165852
3 52 1.3846120723991604
3 53 1.3878467018570504
3 54 1.3865568848957797
3 55 1.4049538948693339
3 56 0.01396338052375904
3 57 0.41071396295910123
3 58 1.4057953894324748
3 59 1.3878478458025885
3 60 1.3763351214932193
3 61 1.3853349311376248
3 62 1.3846608712652237
3 63 1.3821778103165852
3 64 1.4057932808735547
3 65 1.3865612659073827
3 66 1.3870709736895241
3 67 1.3821773636173433
3 68 1.4057934658259945
3 69 1.404957153761673
3 70 1.3821773636173433
3 71 1.404943375747828
3 72 1.4050453925365438
4 4 0.0
4 5 0.33303173565488553
4 6 0.02702256256452589
4 7 0.05795700179149936
4 8 0.33289329610653134
4 9 0.009674976113824191
4 10 0.023503283464294734
4 11 0.33289329610653134
4 12 1.3831021149349845
4 13 0.009674976113824191
4 14 1.382787549776711
4 15 0.41314941095130625
4 16 0.3828162665574455
4 17 0.4209621314764544
4 18 0.4209621314764544
4 19 0.41307417376027716
4 20 0.41315683611735327
4 21 0.41317184594444395
4 22 0.41318032822787304
4 23 0.4600796556424364
4 24 0.4600796556424364
4 25 0.4600796556424364
4 26 0.4600796556424364
4 27 0.41314941095130625
4 28 0.4405288178637261
4 29 0.41314941095130625
4 30 0.02693000814100553
4 31 0.009674976113824191
4 32 0.058379860794372594
4 33 0.017026233471597287
4 34 1.3836325358019237
4 35 1.3856304566134412
4 36 1.3820961565516205
4 37 1.3851128307722966
4 38 1.404403048050349
4 39 1.404414960722453
4 40 1.4044152760424284
4 41 1.4045128781457685
4 42 1.404414254561605
4 43 1.4039083906127923
4 44 1.402928499537178
4 45 1.4029278218947285
4 46 1.4044957528736626
4 47 1.4045115665123447
4 48 1.4044168864069329
4 49 1.4044123120997987
4 50 1.4039106963065584
4 51 1.3802963758655784
4 52 1.3831014637522103
4 53 1.3864635035311133
4 54 1.385110279817482
4 55 1.4044141944872763
4 56 0.023864482649854617
4 57 0.4132424222406839
4 58 1.405337050167129
4 59 1.3864477367883399
4 60 1.3740536599511552
4 61 1.3836321795090696
4 62 1.383113299740942
4 63 1.3802963758655784
4 64 1.405334826455033
4 65 1.3851150969515476
4 66 1.3856468235291242
4 67 1.380295901994245
4 68 1.4053350214303584
4 69 1.4044176456566007
4 70 1.380295901994245
4 71 1.404403048050349
4 72 1.4045129780324956
5 5 0.0
5 6 0.34640490643103045
5 7 0.3253226269547587
5 8 0.002941734316414249
5 9 0.33289895065862224
5 10 0.34616347627931016
5 11 0.002941734316414249
5 12 1.320363491300782
5 13 0.33289895065862224
5 14 1.3199256023744363
5 15 0.5565470280817854
5 16 0.5411866881232313
5 17 0.5636928986037509
5 18 0.5636928986037509
5 19 0.5564005223537569
5 20 0.5565491079782484
5 21 0.5565624247131786
5 22 0.556562226987681
5 23 0.5845107518574066
5 24 0.5845107518574066
5 25 0.5845107518574066
5 26 0.5845107518574066
5 27 0.5565470280817854
5 28 0.5755296163283515
5 29 0.5565470280817854
5 30 0.34616548791969787
5 31 0.33289895065862224
5 32 0.3254036140348399
5 33 0.33304614219180945
5 34 1.3225109723854924
5 35 1.3282863053380949
5 36 1.318072207199067
5 37 1.3266531531579642
5 38 1.3867508146552538
5 39 1.3867830028924184
5 40 1.3867547473606157
5 41 1.3870154360189455
5 42 1.3867810183670448
5 43 1.385266821229498
5 44 1.3826158795661394
5 45 1.3826139649581424
5 46 1.3869808523657223
5 47 1.387012785233091
5 48 1.3867884553690006
5 49 1.3867769147592153
5 50 1.38528370223186
5 51 1.3124179465553465
5 52 1.3203844992494311
5 53 1.3308301058952965
5 54 1.3266589623127265
5 55 1.3867808606422547
5 56 0.34618673013517404
5 57 0.5565927028406066
5 58 1.3892829453608442
5 59 1.3308337913871646
5 60 1.2920187198738504
5 61 1.3225098793269794
5 62 1.320409349216198
5 63 1.3124179465553465
5 64 1.3892766644205772
5 65 1.3266581567840559
5 66 1.3282983094721887
5 67 1.3124164649927734
5 68 1.3892772126083064
5 69 1.3867905901954185
5 70 1.3124164649927734
5 71 1.3867508146552538
5 72 1.3870157233133078
6 6 0.0
6 7 0.058143009418868866
6 8 0.3462632575030124
6 9 0.025231805112520052
6 10 0.013336558229935774
6 11 0.3462632575030124
6 12 1.3846502473420441
6 13 0.025231805112520052
6 14 1.3845567491263693
6 15 0.41061884687619643
6 16 0.3798803788779277
6 17 0.41840522004488795
6 18 0.41840522004488795
6 19 0.4105489536578164
6 20 0.4106163681389292
6 21 0.41064144534550323
6 22 0.4106402695004126
6 23 0.4580873558923679
6 24 0.4580873558923679
6 25 0.4580873558923679
6 26 0.4580873558923679
6 27 0.41061884687619643
6 28 0.4381827471559674
6 29 0.41061884687619643
6 30 0.0187310215312206
6 31 0.025231805112520052
6 32 0.05701856982193221
6 33 0.028859625084622177
6 34 1.3853352674602482
6 35 1.387055298495467
6 36 1.383915936201742
6 37 1.386559138365605
6 38 1.404943375747828
6 39 1.4049546193458455
6 40 1.4049549154840832
6 41 1.4050452982156305
6 42 1.4049539506167994
6 43 1.4044889913051748
6 44 1.4036083273778848
6 45 1.403607690817315
6 46 1.4050292340119737
6 47 1.4050440695431916
6 48 1.4049564363402418
6 49 1.4049521265338096
6 50 1.4044911590668134
6 51 1.3821778103165852
6 52 1.3846120723991604
6 53 1.3878467018570504
6 54 1.3865568848957797
6 55 1.4049538948693339
6 56 0.01396338052375904
6 57 0.41071396295910123
6 58 1.4057953894324748
6 59 1.3878478458025885
6 60 1.3763351214932193
6 61 1.3853349311376248
6 62 1.3846608712652237
6 63 1.3821778103165852
6 64 1.4057932808735547
6 65 1.3865612659073827
6 66 1.3870709736895241
6 67 1.3821773636173433
6 68 1.4057934658259945
6 69 1.404957153761673
6 70 1.3821773636173433
6 71 1.404943375747828
6 72 1.4050453925365438
7 7 0.0
7 8 0.3251342712218989
7 9 0.05714509644832259
7 10 0.05659532202415857
7 11 0.3251342712218989
7 12 1.3777391344379426
7 13 0.05714509644832259
7 14 1.3771616585837108
7 15 0.41596655321194903
7 16 0.3857352590891517
7 17 0.42355862092422575
7 18 0.42355862092422575
7 19 0.4158860439128703
7 20 0.4159695639726695
7 21 0.4159888075496024
7 22 0.41599263350213883
7 23 0.4623672291412244
7 24 0.4623672291412244
7 25 0.4623672291412244
7 26 0.4623672291412244
7 27 0.41596655321194903
7 28 0.44279317497506976
7 29 0.41596655321194903
7 30 0.05811881147320253
7 31 0.05714509644832259
7 32 0.007458185755627333
7 33 0.05883483833910927
7 34 1.3781143436620182
7 35 1.3807259719683136
7 36 1.3764035283432188
7 37 1.3801062790503524
7 38 1.402824645160519
7 39 1.4028383114338898
7 40 1.4028386788497111
7 41 1.402943161064963
7 42 1.4028374916257103
7 43 1.4023322487244883
7 44 1.4011859768135837
7 45 1.4011851937669517
7 46 1.4029286604640443
7 47 1.402941768274649
7 48 1.402840550649778
7 49 1.4028354059071657
7 50 1.4023362841680005
7 51 1.374286611928319
7 52 1.3777407847752952
7 53 1.3817011234677352
7 54 1.3801047880374464
7 55 1.4028374228721112
7 56 0.05674607698678371
7 57 0.41605739750846343
7 58 1.403934035740849
7 59 1.3817025360991093
7 60 1.367474796598834
7 61 1.3781139222134984
7 62 1.3777541804638336
7 63 1.374286611928319
7 64 1.403931459330373
7 65 1.3801087230095672
7 66 1.3807405182471724
7 67 1.3742860510171013
7 68 1.4039316850181718
7 69 1.402841432204494
7 70 1.3742860510171013
7 71 1.402824645160519
7 72 1.4029432776618538
8 8 0.0
8 9 0.3327604478107821
8 10 0.346021715918878
8 11 0.0
8 12 1.3203529589973333
8 13 0.3327604478107821
8 14 1.3199150210688384
8 15 0.5563941815059593
8 16 0.5410267170622904
8 17 0.5635413658077739
8 18 0.5635413658077739
8 19 0.5562476200686055
8 20 0.5563962624294359
8 21 0.556409584038832
8 22 0.5564093859504726
8 23 0.5843678145668144
8 24 0.5843678145668144
8 25 0.5843678145668144
8 26 0.5843678145668144
8 27 0.5563941815059593
8 28 0.5753830673277561
8 29 0.5563941815059593
8 30 0.3460237158753671
8 31 0.3327604478107821
8 32 0.3252153100838331
8 33 0.3329077002569317
8 34 1.3225006920473643
8 35 1.3282766936226953
8 36 1.3180614099376935
8 37 1.326643350949198
8 38 1.3867478102087092
8 39 1.3867800020044594
8 40 1.3867517433507224
8 41 1.3870124608038246
8 42 1.3867780172600463
8 43 1.3852636526719835
8 44 1.3826124174886623
8 45 1.3826105026700284
8 46 1.3869778733326414
8 47 1.3870098097229386
8 48 1.38678545508534
8 49 1.386773913197552
8 50 1.3852805355417932
8 51 1.3124064868168996
8 52 1.3203739711277018
8 53 1.3308207879596392
8 54 1.3266491623568055
8 55 1.3867778595169393
8 56 0.3460449816189943
8 57 0.5564398733967163
8 58 1.3892802203658263
8 59 1.330824472421379
8 60 1.2920048500986976
8 61 1.3224995988891652
8 62 1.3203988240681592
8 63 1.3124064868168996
8 64 1.3892739387311852
8 65 1.326648356736341
8 66 1.3282886975593344
8 67 1.3124050055443848
8 68 1.3892744869806812
8 69 1.3867875902320803
8 70 1.3124050055443848
8 71 1.3867478102087092
8 72 1.3870127481302634
9 9 0.0
9 10 0.02142011001181921
9 11 0.3327604478107821
9 12 1.3831560053799505
9 13 0.0
9 14 1.3830172488651444
9 15 0.4130457720405833
9 16 0.3827029382148975
9 17 0.4208607787360214
9 18 0.4208607787360214
9 19 0.412970513609388
9 20 0.4130531994568154
9 21 0.41306821372612523
9 22 0.41307669971995514
9 23 0.4599886760340645
9 24 0.4599886760340645
9 25 0.4599886760340645
9 26 0.4599886760340645
9 27 0.4130457720405833
9 28 0.44043286431968487
9 29 0.4130457720405833
9 30 0.025132652161802917
9 31 0.0
9 32 0.05757393890046138
9 33 0.014010590553607606
9 34 1.3838388495803966
9 35 1.3856811758794825
9 36 1.3823461572476494
9 37 1.3851639326434855
9 38 1.4044025797360389
9 39 1.4044144929663709
9 40 1.4044148096399405
9 41 1.4045124155737438
9 42 1.404413788110914
9 43 1.4039262196689308
9 44 1.402946393719086
9 45 1.4029457171549504
9 46 1.4044952895800538
9 47 1.4045111039783484
9 48 1.4044164200804827
9 49 1.4044118455598793
9 50 1.403928523857648
9 51 1.380516745107888
9 52 1.383155520660475
9 53 1.38651310677059
9 54 1.3851613614354672
9 55 1.4044137266987726
9 56 0.021815845390558076
9 57 0.4131388122760926
9 58 1.4053366263354132
9 59 1.3865143089115495
9 60 1.3743629613453703
9 61 1.3838384956537664
9 62 1.383167170360343
9 63 1.380516745107888
9 64 1.4053344025285062
9 65 1.385166198389179
9 66 1.385697636886111
9 67 1.3805162744238215
9 68 1.4053345975111864
9 69 1.4044171793657187
9 70 1.3805162744238215
9 71 1.4044025797360389
9 72 1.4045125155637015
10 10 0.0
10 11 0.346021715918878
10 12 1.3846849175991802
10 13 0.02142011001181921
10 14 1.3845540898911328
10 15 0.4104204631803413
10 16 0.37966308774393015
10 17 0.4182112157198828
10 18 0.4182112157198828
10 19 0.41035052844898884
10 20 0.4104179828412575
10 21 0.41044307461035795
10 22 0.41044189655004876
10 23 0.4579135407340369
10 24 0.4579135407340369
10 25 0.4579135407340369
10 26 0.4579135407340369
10 27 0.4104204631803413
10 28 0.43799922219282167
10 29 0.4104204631803413
10 30 0.013153051553387342
10 31 0.02142011001181921
10 32 0.05702995123336967
10 33 0.025594384814930843
10 34 1.3853326787222409
10 35 1.3870879706363533
10 36 1.3839132188425203
10 37 1.3865920396604818
10 38 1.4049425452444213
10 39 1.4049537897759306
10 40 1.404954087305488
10 41 1.4050444782201956
10 42 1.4049531224270049
10 43 1.4044881214827414
10 44 1.4036073786723324
10 45 1.4036067420560117
10 46 1.405028411151697
10 47 1.4050432479960673
10 48 1.4049556083794892
10 49 1.4049512981055863
10 50 1.4044902894322235
10 51 1.382174913261754
10 52 1.3846842857734232
10 53 1.3878786674521557
10 54 1.3865897724129397
10 55 1.4049530653209918
10 56 0.004136873791480613
10 57 0.41051563234784905
10 58 1.405794635927421
10 59 1.3878798100044876
10 60 1.3763316888133796
10 61 1.3853323423691084
10 62 1.384695528785321
10 63 1.382174913261754
10 64 1.4057925271797196
10 65 1.3865941670272641
10 66 1.387103710169281
10 67 1.3821744665242446
10 68 1.4057927121485936
10 69 1.4049563258709359
10 70 1.3821744665242446
10 71 1.4049425452444213
10 72 1.4050445724461815
11 11 0.0
11 12 1.3203529589973333
11 13 0.3327604478107821
11 14 1.3199150210688384
11 15 0.5563941815059593
11 16 0.5410267170622904
11 17 0.5635413658077739
11 18 0.5635413658077739
11 19 0.5562476200686055
11 20 0.5563962624294359
11 21 0.556409584038832
11 22 0.5564093859504726
11 23 0.5843678145668144
11 24 0.5843678145668144
11 25 0.5843678145668144
11 26 0.5843678145668144
11 27 0.5563941815059593
11 28 0.5753830673277561
11 29 0.5563941815059593
11 30 0.3460237158753671
11 31 0.3327604478107821
11 32 0.3252153100838331
11 33 0.3329077002569317
11 34 1.3225006920473643
11 35 1.3282766936226953
11 36 1.3180614099376935
11 37 1.326643350949198
11 38 1.3867478102087092
11 39 1.3867800020044594
11 40 1.3867517433507224
11 41 1.3870124608038246
11 42 1.3867780172600463
11 43 1.3852636526719835
11 44 1.3826124174886623
11 45 1.3826105026700284
11 46 1.3869778733326414
11 47 1.3870098097229386
11 48 1.38678545508534
11 49 1.386773913197552
11 50 1.3852805355417932
11 51 1.3124064868168996
11 52 1.3203739711277018
11 53 1.3308207879596392
11 54 1.3266491623568055
11 55 1.3867778595169393
11 56 0.3460449816189943
11 57 0.5564398733967163
11 58 1.3892802203658263
11 59 1.330824472421379
11 60 1.2920048500986976
11 61 1.3224995988891652
11 62 1.3203988240681592
11 63 1.3124064868168996
11 64 1.3892739387311852
11 65 1.326648356736341
11 66 1.3282886975593344
11 67 1.3124050055443848
11 68 1.3892744869806812
11 69 1.3867875902320803
11 70 1.3124050055443848
11 71 1.3867478102087092
11 72 1.3870127481302634
12 12 0.0
12 13 1.3831560053799505
12 14 0.9806367134123432
12 15 1.345311468191626
12 16 1.3445558411587233
12 17 1.3418813763251107
12 18 1.3418813763251107
12 19 1.3453120532499785
12 20 1.3453115497401207
12 21 1.3453122003591544
12 22 1.3453083759773339
12 23 1.3409381952788015
12 24 1.3409381952788015
12 25 1.3409381952788015
12 26 1.3409381952788015
12 27 1.345311468191626
12 28 1.3421002923881493
12 29 1.345311468191626
12 30 1.3846514528915697
12 31 1.3831560053799505
12 32 1.3777321873862907
12 33 1.3831203877010316
12 34 0.9952788231936115
12 35 0.10036491255326258
12 36 0.9790394088761526
12 37 0.08372303591071166
12 38 1.316509321966415
12 39 1.3170559056292248
12 40 1.3170251859524549
12 41 1.3192752236113638
12 42 1.317048689997126
12 43 1.3113977724436143
12 44 1.3019693299207642
12 45 1.3011187650884748
12 46 1.3193872670688553
12 47 1.319275440392016
12 48 1.3170757715787345
12 49 1.3170542850235194
12 50 1.3114916773384244
12 51 0.9496394421834549
12 52 0.016382538699427726
12 53 0.12202105010463736
12 54 0.08422488176737696
12 55 1.317048129083284
12 56 1.384685195297455
12 57 1.3453151522412916
12 58 1.3265811984851388
12 59 0.12174699738566952
12 60 0.8059710476075795
12 61 0.9952729811916293
12 62 0.008412955122549878
12 63 0.9496394421834549
12 64 1.326558597682919
12 65 0.08382864724224312
12 66 0.10112478666283613
12 67 0.9497175298825754
12 68 1.326503660392535
12 69 1.3170835284873628
12 70 0.9497175298825754
12 71 1.316509321966415
12 72 1.3193862067171551
13 13 0.0
13 14 1.3830172488651444
13 15 0.4130457720405833
13 16 0.3827029382148975
13 17 0.4208607787360214
13 18 0.4208607787360214
13 19 0.412970513609388
13 20 0.4130531994568154
13 21 0.41306821372612523
13 22 0.41307669971995514
13 23 0.4599886760340645
13 24 0.4599886760340645
13 25 0.4599886760340645
13 26 0.4599886760340645
13 27 0.4130457720405833
13 28 0.44043286431968487
13 29 0.4130457720405833
13 30 0.025132652161802917
13 31 0.0
13 32 0.05757393890046138
13 33 0.014010590553607606
13 34 1.3838388495803966
13 35 1.3856811758794825
13 36 1.3823461572476494
13 37 1.3851639326434855
13 38 1.4044025797360389
13 39 1.4044144929663709
13 40 1.4044148096399405
13 41 1.4045124155737438
13 42 1.404413788110914
13 43 1.4039262196689308
13 44 1.402946393719086
13 45 1.4029457171549504
13 46 1.4044952895800538
13 47 1.4045111039783484
13 48 1.4044164200804827
13 49 1.4044118455598793
13 50 1.403928523857648
13 51 1.380516745107888
13 52 1.383155520660475
13 53 1.38651310677059
13 54 1.3851613614354672
13 55 1.4044137266987726
13 56 0.021815845390558076
13 57 0.4131388122760926
13 58 1.4053366263354132
13 59 1.3865143089115495
13 60 1.3743629613453703
13 61 1.3838384956537664
13 62 1.383167170360343
13 63 1.380516745107888
13 64 1.4053344025285062
13 65 1.385166198389179
13 66 1.385697636886111
13 67 1.3805162744238215
13 68 1.4053345975111864
13 69 1.4044171793657187
13 70 1.3805162744238215
13 71 1.4044025797360389
13 72 1.4045125155637015
14 14 0.0
14 15 1.3423001303121405
14 16 1.341393121386494
14 17 1.3400046471645353
14 18 1.3400046471645353
14 19 1.3423007418318005
14 20 1.342300215607248
14 21 1.3423008940530776
14 22 1.342299022548132
14 23 1.3383925041547455
14 24 1.3383925041547455
14 25 1.3383925041547455
14 26 1.3383925041547455
14 27 1.3423001303121405
14 28 1.3396737765662303
14 29 1.3423001303121405
14 30 1.3844741692784708
14 31 1.3830172488651444
14 32 1.3771591098377836
14 33 1.3830203453535646
14 34 0.03737907564029325
14 35 1.0137486545937622
14 36 0.06625940293989555
14 37 1.0092484697048127
14 38 1.3061033251575076
14 39 1.3062142556172283
14 40 1.3061228482169989
14 41 1.3090604351265442
14 42 1.3062298454251653
14 43 1.3056252493985068
14 44 1.2903328873242403
14 45 1.2897820683725356
14 46 1.3090739966379208
14 47 1.3090533233112627
14 48 1.3062600726612275
14 49 1.3062336340774985
14 50 1.306141933017345
14 51 0.11769394769603903
14 52 0.9810566060235393
14 53 1.0254997527373315
14 54 1.009398521058012
14 55 1.3062292198278191
14 56 1.3845543688842612
14 57 1.3423039796412644
14 58 1.32193928811766
14 59 1.0250892830801368
14 60 0.5826121034562802
14 61 0.03707014029529919
14 62 0.9807949141708365
14 63 0.11769394769603903
14 64 1.3219154472913959
14 65 1.0092527832024862
14 66 1.0132197124024998
14 67 0.11766248682409262
14 68 1.321897651249738
14 69 1.3062450907874448
14 70 0.11766248682409262
14 71 1.3061033251575076
14 72 1.3090728190842502
15 15 0.0
15 16 0.06478578929751422
15 17 0.05043524296572786
15 18 0.05043524296572786
15 19 0.004072756104403981
15 20 0.0025219850395879
15 21 0.0045029006095206395
15 22 0.00321766185019663
15 23 0.06863089904407936
15 24 0.06863089904407936
15 25 0.06863089904407936
15 26 0.06863089904407936
15 27 0.0
15 28 0.05371121519073337
15 29 0.0
15 30 0.4105002832215575
15 31 0.4130457720405833
15 32 0.41603232734342094
15 33 0.41326306681513436
15 34 1.3440618223024385
15 35 1.3509443794576275
15 36 1.3413167656774043
15 37 1.349879077906746
15 38 1.3924566789724602
15 39 1.3924341148086372
15 40 1.3924348274830276
15 41 1.3927988684237962
15 42 1.3924272975241163
15 43 1.391419178907071
15 44 1.389275664404014
15 45 1.3892775560219361
15 46 1.3927993275457438
15 47 1.3927968937077453
15 48 1.3924087729432475
15 49 1.3924343125329808
15 50 1.3914248819551387
15 51 1.337336621130564
15 52 1.3453432167079857
15 53 1.3527249301329898
15 54 1.3498980641593612
15 55 1.3924324155076857
15 56 0.41041732492037
15 57 0.005857136478257358
15 58 1.3944563418699634
15 59 1.352727813402095
15 60 1.3255871012438347
15 61 1.3440609932534462
15 62 1.3453383675867836
15 63 1.337336621130564
15 64 1.3944791823536882
15 65 1.349882755041124
15 66 1.3509403583563842
15 67 1.3373353843002367
15 68 1.3944796156179342
15 69 1.3924104672882784
15 70 1.3373353843002367
15 71 1.3924566789724602
15 72 1.392799093495252
16 16 0.0
16 17 0.06855545396403852
16 18 0.06855545396403852
16 19 0.06491340652581652
16 20 0.06483226450500847
16 21 0.06494174902759792
16 22 0.06481206443400545
16 23 0.11241309339532758
16 24 0.11241309339532758
16 25 0.11241309339532758
16 26 0.11241309339532758
16 27 0.06478578929751422
16 28 0.09070412903999617
16 29 0.06478578929751422
16 30 0.3797713966130986
16 31 0.3827029382148975
16 32 0.38581162635844235
16 33 0.38294054492081575
16 34 1.3432134825932238
16 35 1.3502096958839234
16 36 1.3404386953589902
16 37 1.349143243751253
16 38 1.392651121351834
16 39 1.3926382339701975
16 40 1.3926389398287955
16 41 1.3929051268479018
16 42 1.3926319115633778
16 43 1.3914773019086397
16 44 1.389243519129432
16 45 1.3892365476694148
16 46 1.3929055837147828
16 47 1.3929033371127306
16 48 1.3926232644148686
16 49 1.3926464374266712
16 50 1.3914911497413622
16 51 1.3364222400499304
16 52 1.344595144063061
16 53 1.3520071057018959
16 54 1.349163107930008
16 55 1.3926365506122382
16 56 0.3796621645216828
16 57 0.06509760549224156
16 58 1.3946571157328325
16 59 1.3520075547660677
16 60 1.3240009554186782
16 61 1.3432126370352495
16 62 1.3445853071121627
16 63 1.3364222400499304
16 64 1.3946702436718676
16 65 1.3491466460368327
16 66 1.3501999663499789
16 67 1.3364244092482602
16 68 1.3946706728586578
16 69 1.3926249419832062
16 70 1.3364244092482602
16 71 1.392651121351834
16 72 1.3929053507952263
17 17 0.0
17 18 0.0
17 19 0.050599209578526275
17 20 0.05044646121959735
17 21 0.05063560152808306
17 22 0.050510445849901435
17 23 0.06029075544626931
17 24 0.06029075544626931
17 25 0.06029075544626931
17 26 0.06029075544626931
17 27 0.05043524296572786
17 28 0.03852500882288175
17 29 0.05043524296572786
17 30 0.4183060304181829
17 31 0.4208607787360214
17 32 0.4236220290870617
17 33 0.421073281138466
17 34 1.3418737747422713
17 35 1.3476922819444817
17 36 1.339013865575634
17 37 1.3466057930403121
17 38 1.3925962591274734
17 39 1.3925894414449655
17 40 1.392590148915408
17 41 1.3928789992460706
17 42 1.3925832712417154
17 43 1.3914209807109736
17 44 1.3894082492192439
17 45 1.389397639888289
17 46 1.3928794566448643
17 47 1.3928772697571135
17 48 1.392575110787909
17 49 1.39259730559817
17 50 1.3914382463308672
17 51 1.3348372437327838
17 52 1.3419353852158042
17 53 1.3495260108457685
17 54 1.3466268634723844
17 55 1.3925877542844336
17 56 0.4182107145684966
17 57 0.05073512295201105
17 58 1.394478194203122
17 59 1.3495266416819873
17 60 1.3215502591501744
17 61 1.3418729194214967
17 62 1.3419093985070032
17 63 1.3348372437327838
17 64 1.3944906885665398
17 65 1.3466091320338056
17 66 1.3476790985379727
17 67 1.334839285371795
17 68 1.3944911215447386
17 69 1.392576792154016
17 70 1.334839285371795
17 71 1.3925962591274734
17 72 1.3928792234773835
18 18 0.0
18 19 0.050599209578526275
18 20 0.05044646121959735
18 21 0.05063560152808306
18 22 0.050510445849901435
18 23 0.06029075544626931
18 24 0.06029075544626931
18 25 0.06029075544626931
18 26 0.06029075544626931
18 27 0.05043524296572786
18 28 0.03852500882288175
18 29 0.05043524296572786
18 30 0.4183060304181829
18 31 0.4208607787360214
18 32 0.4236220290870617
18 33 0.421073281138466
18 34 1.3418737747422713
18 35 1.3476922819444817
18 36 1.339013865575634
18 37 1.3466057930403121
18 38 1.3925962591274734
18 39 1.3925894414449655
18 40 1.392590148915408
18 41 1.3928789992460706
18 42 1.3925832712417154
18 43 1.3914209807109736
18 44 1.3894082492192439
18 45 1.389397639888289
18 46 1.3928794566448643
18 47 1.3928772697571135
18 48 1.392575110787909
18 49 1.39259730559817
18 50 1.3914382463308672
18 51 1.3348372437327838
18 52 1.3419353852158042
18 53 1.3495260108457685
18 54 1.3466268634723844
18 55 1.3925877542844336
18 56 0.4182107145684966
18 57 0.05073512295201105
18 58 1.394478194203122
18 59 1.3495266416819873
18 60 1.3215502591501744
18 61 1.3418729194214967
18 62 1.3419093985070032
18 63 1.3348372437327838
18 64 1.3944906885665398
18 65 1.3466091320338056
18 66 1.3476790985379727
18 67 1.334839285371795
18 68 1.3944911215447386
18 69 1.392576792154016
18 70 1.334839285371795
18 71 1.3925962591274734
18 72 1.3928792234773835
19 19 0.0
19 20 0.004790375591939806
19 21 0.006071514497330527
19 22 0.005190433903928685
19 23 0.06875135994573003
19 24 0.06875135994573003
19 25 0.06875135994573003
19 26 0.06875135994573003
19 27 0.004072756104403981
19 28 0.05386518673007665
19 29 0.004072756104403981
19 30 0.41043036917470443
19 31 0.412970513609388
19 32 0.41595183264721564
19 33 0.4131878552482721
19 34 1.3440624177883052
19 35 1.3509449157524094
19 36 1.341317384979709
19 37 1.3498796232776455
19 38 1.3924568601199176
19 39 1.392434296142192
19 40 1.3924350088105355
19 41 1.3927990466815348
19 42 1.3924274789152735
19 43 1.391419368805756
19 44 1.3892758723266385
19 45 1.389277763933495
19 46 1.3927995057980023
19 47 1.3927970719821596
19 48 1.3924089544989622
19 49 1.39243449386493
19 50 1.3914250717950558
19 51 1.3373372758238602
19 52 1.3453438014875627
19 53 1.3527254510149385
19 54 1.349898609407265
19 55 1.3924325968624967
19 56 0.410347393886714
19 57 0.00713394018851947
19 58 1.3944565061870031
19 59 1.3527283342300769
19 60 1.3255878625164912
19 61 1.3440615887236527
19 62 1.3453389523819381
19 63 1.3373372758238602
19 64 1.3944793464742253
19 65 1.3498833004152233
19 66 1.35094089472521
19 67 1.3373360383764612
19 68 1.3944797797279065
19 69 1.3924106488297772
19 70 1.3373360383764612
19 71 1.3924568601199176
19 72 1.3927992717510753
20 20 0.0
20 21 0.005161052044059961
20 22 0.0019982604478291925
20 23 0.06854825488508758
20 24 0.06854825488508758
20 25 0.06854825488508758
20 26 0.06854825488508758
20 27 0.0025219850395879
20 28 0.053720841725428285
20 29 0.0025219850395879
20 30 0.4104978040810646
20 31 0.4130531994568154
20 32 0.4160353374653574
20 33 0.413270489244918
20 34 1.3440619045258853
20 35 1.3509444539722295
20 36 1.341316852173965
20 37 1.34987915331515
20 38 1.3924566975527675
20 39 1.3924341334161383
20 40 1.3924348460895506
20 41 1.392798886521438
20 42 1.392427316141017
20 43 1.391419198913216
20 44 1.3892756873285939
20 45 1.389277578947344
20 46 1.3927993456411303
20 47 1.3927969118099188
20 48 1.3924087916027088
20 49 1.3924343311472653
20 50 1.391424901935107
20 51 1.3373367126877962
20 52 1.345343298617714
20 53 1.3527250019039887
20 54 1.3498981395932255
20 55 1.3924324341262833
20 56 0.4104148448997557
20 57 0.006377006598269886
20 58 1.3944563576791749
20 59 1.3527278855691987
20 60 1.3255872216390132
20 61 1.3440610750840745
20 62 1.3453384490845188
20 63 1.3373367126877962
20 64 1.3944791981313822
20 65 1.3498828305020327
20 66 1.350940432546834
20 67 1.3373354759577558
20 68 1.3944796313811105
20 69 1.3924104859454391
20 70 1.3373354759577558
20 71 1.3924566975527675
20 72 1.3927991115863696
21 21 0.0
21 22 0.005534379521826879
21 23 0.06877812259749565
21 24 0.06877812259749565
21 25 0.06877812259749565
21 26 0.06877812259749565
21 27 0.0045029006095206395
21 28 0.05389936995054299
21 29 0.0045029006095206395
21 30 0.41052288936893006
21 31 0.41306821372612523
21 32 0.4160545770608761
21 33 0.4132854941079597
21 34 1.344062566282509
21 35 1.3509450515001884
21 36 1.3413175399379371
21 37 1.3498797612253628
21 38 1.3924569130240327
21 39 1.3924343490875093
21 40 1.3924350617544932
21 41 1.3927990989334953
21 42 1.3924275318731658
21 43 1.3914194236325284
21 44 1.3892759312122618
21 45 1.3892778228139722
21 46 1.3927995580490984
21 47 1.3927971242395258
21 48 1.3924090074935056
21 49 1.3924345468115975
21 50 1.3914251266193682
21 51 1.337337438312006
21 52 1.345343948512031
21 53 1.3527255832142207
21 54 1.3498987473270814
21 55 1.3924326498127495
21 56 0.4104399369582503
21 57 0.0037458643584024408
21 58 1.3944565553449575
21 59 1.3527284664238688
21 60 1.3255880498271404
21 61 1.34406173749078
21 62 1.345339099453632
21 63 1.337337438312006
21 64 1.3944793955894104
21 65 1.3498834383557317
21 66 1.3509410304804657
21 67 1.337336201497564
21 68 1.3944798288406732
21 69 1.3924107018211245
21 70 1.337336201497564
21 71 1.3924569130240327
21 72 1.3927993240026055
22 22 0.0
22 23 0.06861464832008893
22 24 0.06861464832008893
22 25 0.06861464832008893
22 26 0.06861464832008893
22 27 0.00321766185019663
22 28 0.053810993337288275
22 29 0.00321766185019663
22 30 0.4105217122556309
22 31 0.41307669971995514
22 32 0.4160584032154486
22 33 0.41329397517402067
22 34 1.3440607308832675
22 35 1.3509376563905564
22 36 1.3413156559177635
22 37 1.3498761455330375
22 38 1.3924533807557338
22 39 1.3924290212130612
22 40 1.392429734057387
22 41 1.3927939161037162
22 42 1.3924222036111376
22 43 1.3914175212859905
22 44 1.3892760128284287
22 45 1.3892779044258456
22 46 1.3927943753389207
22 47 1.392791941418482
22 48 1.3924036806736544
22 49 1.3924292184324525
22 50 1.3914232244311682
22 51 1.337333252663035
22 52 1.3453421530851168
22 53 1.3527183559436058
22 54 1.3498951330933286
22 55 1.3924273215203522
22 56 0.4104387612149198
22 57 0.00668279966200273
22 58 1.3944515591856481
22 59 1.352721239505946
22 60 1.3255793631795056
22 61 1.3440598956018088
22 62 1.3453352765408066
22 63 1.337333252663035
22 64 1.3944743981700234
22 65 1.3498798226941147
22 66 1.3509336156183576
22 67 1.3373320158842574
22 68 1.3944748315325066
22 69 1.3924053754174592
22 70 1.3373320158842574
22 71 1.3924533807557338
22 72 1.3927941412281515
23 23 0.0
23 24 0.0
23 25 0.0
23 26 0.0
23 27 0.06863089904407936
23 28 0.028571444957101063
23 29 0.06863089904407936
23 30 0.45798108364221984
23 31 0.4599886760340645
23 32 0.46242500507785184
23 33 0.4601794349937356
23 34 1.3402559272451806
23 35 1.3468640162621464
23 36 1.337373070077792
23 37 1.345750353653058
23 38 1.3916036258774023
23 39 1.3916010630099687
23 40 1.391601803428856
23 41 1.3919719187969979
23 42 1.3915943540003333
23 43 1.3905168023182501
23 44 1.3883371147652395
23 45 1.3883297316802194
23 46 1.3919723957289156
23 47 1.3919700110126283
23 48 1.3915850443359594
23 49 1.3916011093481249
23 50 1.3905315091176724
23 51 1.3331791808453772
23 52 1.340984036012755
23 53 1.3487256213068108
23 54 1.3457712010908482
23 55 1.3915992985305607
23 56 0.45791100015768044
23 57 0.06869798404416505
23 58 1.3936832359750981
23 59 1.3487209244526313
23 60 1.3205761522042168
23 61 1.3402550525204506
23 62 1.3409667084669625
23 63 1.3331791808453772
23 64 1.3936972949564794
23 65 1.3457539770478788
23 66 1.3468555625762668
23 67 1.3331815218096568
23 68 1.3936977454599941
23 69 1.391586803144729
23 70 1.3331815218096568
23 71 1.3916036258774023
23 72 1.3919721527402846
24 24 0.0
24 25 0.0
24 26 0.0
24 27 0.06863089904407936
24 28 0.028571444957101063
24 29 0.06863089904407936
24 30 0.45798108364221984
24 31 0.4599886760340645
24 32 0.46242500507785184
24 33 0.4601794349937356
24 34 1.3402559272451806
24 35 1.3468640162621464
24 36 1.337373070077792
24 37 1.345750353653058
24 38 1.3916036258774023
24 39 1.3916010630099687
24 40 1.391601803428856
24 41 1.3919719187969979
24 42 1.3915943540003333
24 43 1.3905168023182501
24 44 1.3883371147652395
24 45 1.3883297316802194
24 46 1.3919723957289156
24 47 1.3919700110126283
24 48 1.3915850443359594
24 49 1.3916011093481249
24 50 1.3905315091176724
24 51 1.3331791808453772
24 52 1.340984036012755
24 53 1.3487256213068108
24 54 1.3457712010908482
24 55 1.3915992985305607
24 56 0.45791100015768044
24 57 0.06869798404416505
24 58 1.3936832359750981
24 59 1.3487209244526313
24 60 1.3205761522042168
24 61 1.3402550525204506
24 62 1.3409667084669625
24 63 1.3331791808453772
24 64 1.3936972949564794
24 65 1.3457539770478788
24 66 1.3468555625762668
24 67 1.3331815218096568
24 68 1.3936977454599941
24 69 1.391586803144729
24 70 1.3331815218096568
24 71 1.3916036258774023
24 72 1.3919721527402846
25 25 0.0
25 26 0.0
25 27 0.06863089904407936
25 28 0.028571444957101063
25 29 0.06863089904407936
25 30 0.45798108364221984
25 31 0.4599886760340645
25 32 0.46242500507785184
25 33 0.4601794349937356
25 34 1.3402559272451806
25 35 1.3468640162621464
25 36 1.337373070077792
25 37 1.345750353653058
25 38 1.3916036258774023
25 39 1.3916010630099687
25 40 1.391601803428856
25 41 1.3919719187969979
25 42 1.3915943540003333
25 43 1.3905168023182501
25 44 1.3883371147652395
25 45 1.3883297316802194
25 46 1.3919723957289156
25 47 1.3919700110126283
25 48 1.3915850443359594
25 49 1.3916011093481249
25 50 1.3905315091176724
25 51 1.3331791808453772
25 52 1.340984036012755
25 53 1.3487256213068108
25 54 1.3457712010908482
25 55 1.3915992985305607
25 56 0.45791100015768044
25 57 0.06869798404416505
25 58 1.3936832359750981
25 59 1.3487209244526313
25 60 1.3205761522042168
25 61 1.3402550525204506
25 62 1.3409667084669625
25 63 1.3331791808453772
25 64 1.3936972949564794
25 65 1.3457539770478788
25 66 1.3468555625762668
25 67 1.3331815218096568
25 68 1.3936977454599941
25 69 1.391586803144729
25 70 1.3331815218096568
25 71 1.3916036258774023
25 72 1.3919721527402846
26 26 0.0
26 27 0.06863089904407936
26 28 0.028571444957101063
26 29 0.06863089904407936
26 30 0.45798108364221984
26 31 0.4599886760340645
26 32 0.46242500507785184
26 33 0.4601794349937356
26 34 1.3402559272451806
26 35 1.3468640162621464
26 36 1.337373070077792
26 37 1.345750353653058
26 38 1.3916036258774023
26 39 1.3916010630099687
26 40 1.391601803428856
26 41 1.3919719187969979
26 42 1.3915943540003333
26 43 1.3905168023182501
26 44 1.3883371147652395
26 45 1.3883297316802194
26 46 1.3919723957289156
26 47 1.3919700110126283
26 48 1.3915850443359594
26 49 1.3916011093481249
26 50 1.3905315091176724
26 51 1.3331791808453772
26 52 1.340984036012755
26 53 1.3487256213068108
26 54 1.3457712010908482
26 55 1.3915992985305607
26 56 0.45791100015768044
26 57 0.06869798404416505
26 58 1.3936832359750981
26 59 1.3487209244526313
26 60 1.3205761522042168
26 61 1.3402550525204506
26 62 1.3409667084669625
26 63 1.3331791808453772
26 64 1.3936972949564794
26 65 1.3457539770478788
26 66 1.3468555625762668
26 67 1.3331815218096568
26 68 1.3936977454599941
26 69 1.391586803144729
26 70 1.3331815218096568
26 71 1.3916036258774023
26 72 1.3919721527402846
27 27 0.0
27 28 0.05371121519073337
27 29 0.0
27 30 0.4105002832215575
27 31 0.4130457720405833
27 32 0.41603232734342094
27 33 0.41326306681513436
27 34 1.3440618223024385
27 35 1.3509443794576275
27 36 1.3413167656774043
27 37 1.349879077906746
27 38 1.3924566789724602
27 39 1.3924341148086372
27 40 1.3924348274830276
27 41 1.3927988684237962
27 42 1.3924272975241163
27 43 1.391419178907071
27 44 1.389275664404014
27 45 1.3892775560219361
27 46 1.3927993275457438
27 47 1.3927968937077453
27 48 1.3924087729432475
27 49 1.3924343125329808
27 50 1.3914248819551387
27 51 1.337336621130564
27 52 1.3453432167079857
27 53 1.3527249301329898
27 54 1.3498980641593612
27 55 1.3924324155076857
27 56 0.41041732492037
27 57 0.005857136478257358
27 58 1.3944563418699634
27 59 1.352727813402095
27 60 1.3255871012438347
27 61 1.3440609932534462
27 62 1.3453383675867836
27 63 1.337336621130564
27 64 1.3944791823536882
27 65 1.349882755041124
27 66 1.3509403583563842
27 67 1.3373353843002367
27 68 1.3944796156179342
27 69 1.3924104672882784
27 70 1.3373353843002367
27 71 1.3924566789724602
27 72 1.392799093495252
28 28 0.0
28 29 0.05371121519073337
28 30 0.43807558023844134
28 31 0.44043286431968487
28 32 0.4428537520642516
28 33 0.44063405056759297
28 34 1.3415101010842296
28 35 1.3479215146802401
28 36 1.3386689816424955
28 37 1.3468274498296706
28 38 1.3920855651519384
28 39 1.3920750572456517
28 40 1.392075781871556
28 41 1.3924189710564319
28 42 1.3920685701874616
28 43 1.3909951137668886
28 44 1.388890855269736
28 45 1.3888837212740983
28 46 1.3924194383451245
28 47 1.392417134687958
28 48 1.3920597008826034
28 49 1.3920834731632672
28 50 1.3910093114510023
28 51 1.3345388667967644
28 52 1.3421447720225435
28 53 1.3497542917616046
28 54 1.3468480924995045
28 55 1.3920733298647148
28 56 0.4379974781141273
28 57 0.05383011424879595
28 58 1.3940761973992384
28 59 1.349749831510921
28 60 1.3220762634838832
28 61 1.3415092468200898
28 62 1.3421283103769124
28 63 1.3345388667967644
28 64 1.3940896469099098
28 65 1.3468309507877283
28 66 1.34791293873644
28 67 1.3345410963154936
28 68 1.394090088776908
28 69 1.392061422548401
28 70 1.3345410963154936
28 71 1.3920855651519384
28 72 1.3924192002033953
29 29 0.0
29 30 0.4105002832215575
29 31 0.4130457720405833
29 32 0.41603232734342094
29 33 0.41326306681513436
29 34 1.3440618223024385
29 35 1.3509443794576275
29 36 1.3413167656774043
29 37 1.349879077906746
29 38 1.3924566789724602
29 39 1.3924341148086372
29 40 1.3924348274830276
29 41 1.3927988684237962
29 42 1.3924272975241163
29 43 1.391419178907071
29 44 1.389275664404014
29 45 1.3892775560219361
29 46 1.3927993275457438
29 47 1.3927968937077453
29 48 1.3924087729432475
29 49 1.3924343125329808
29 50 1.3914248819551387
29 51 1.337336621130564
29 52 1.3453432167079857
29 53 1.3527249301329898
29 54 1.3498980641593612
29 55 1.3924324155076857
29 56 0.41041732492037
29 57 0.005857136478257358
29 58 1.3944563418699634
29 59 1.352727813402095
29 60 1.3255871012438347
29 61 1.3440609932534462
29 62 1.3453383675867836
29 63 1.337336621130564
29 64 1.3944791823536882
29 65 1.349882755041124
29 66 1.3509403583563842
29 67 1.3373353843002367
29 68 1.3944796156179342
29 69 1.3924104672882784
29 70 1.3373353843002367
29 71 1.3924566789724602
29 72 1.392799093495252
30 30 0.0
30 31 0.025132652161802917
30 32 0.058542094125050195
30 33 0.028772985000309875
30 34 1.3852503576735886
30 35 1.3870903748878516
30 36 1.3838350276675495
30 37 1.3865602819431908
30 38 1.4049433675072462
30 39 1.4049546109595912
30 40 1.4049549084623068
30 41 1.4050135209880399
30 42 1.4049539437568106
30 43 1.4044889838393046
30 44 1.4036083186055137
30 45 1.4036076820246792
30 46 1.4049974555589066
30 47 1.4050122908311917
30 48 1.404956429494618
30 49 1.4049521195081056
30 50 1.404491151592854
30 51 1.3821039457006494
30 52 1.3846507126010499
30 53 1.387881001183533
30 54 1.3865580280204273
30 55 1.4049538866560325
30 56 0.013788220224141704
30 57 0.41059543170241464
30 58 1.405795383184927
30 59 1.387882143634426
30 60 1.3762857689657853
30 61 1.3852500203492926
30 62 1.3846620763804829
30 63 1.3821039457006494
30 64 1.4057932746195894
30 65 1.386562409472835
30 66 1.3871061130125597
30 67 1.3821034979371405
30 68 1.4057934595837775
30 69 1.4049571469170243
30 70 1.3821034979371405
30 71 1.4049433675072462
30 72 1.4050136154633175
31 31 0.0
31 32 0.05757393890046138
31 33 0.014010590553607606
31 34 1.3838388495803966
31 35 1.3856811758794825
31 36 1.3823461572476494
31 37 1.3851639326434855
31 38 1.4044025797360389
31 39 1.4044144929663709
31 40 1.4044148096399405
31 41 1.4045124155737438
31 42 1.404413788110914
31 43 1.4039262196689308
31 44 1.402946393719086
31 45 1.4029457171549504
31 46 1.4044952895800538
31 47 1.4045111039783484
31 48 1.4044164200804827
31 49 1.4044118455598793
31 50 1.403928523857648
31 51 1.380516745107888
31 52 1.383155520660475
31 53 1.38651310677059
31 54 1.3851613614354672
31 55 1.4044137266987726
31 56 0.021815845390558076
31 57 0.4131388122760926
31 58 1.4053366263354132
31 59 1.3865143089115495
31 60 1.3743629613453703
31 61 1.3838384956537664
31 62 1.383167170360343
31 63 1.380516745107888
31 64 1.4053344025285062
31 65 1.385166198389179
31 66 1.385697636886111
31 67 1.3805162744238215
31 68 1.4053345975111864
31 69 1.4044171793657187
31 70 1.3805162744238215
31 71 1.4044025797360389
31 72 1.4045125155637015
32 32 0.0
32 33 0.05925141138739495
32 34 1.3781139262017543
32 35 1.3807258616271882
32 36 1.3764031163101613
32 37 1.3801035821334613
32 38 1.4026675918133331
32 39 1.4026782135400544
32 40 1.4026785867170122
32 41 1.4027940413686577
32 42 1.402677382649221
32 43 1.4021916813039776
32 44 1.4010091294337608
32 45 1.401008336152669
32 46 1.4027795427809768
32 47 1.4027926487776057
32 48 1.4026804846059353
32 49 1.402675292812709
32 50 1.4021957286869948
32 51 1.3742861922760832
32 52 1.3777094385491537
32 53 1.3817022679732907
32 54 1.3801020925568581
32 55 1.4026773130075672
32 56 0.0571795566020346
32 57 0.41612315427544827
32 58 1.4038139647811967
32 59 1.381703680552073
32 60 1.36747073017276
32 61 1.378113497662618
32 62 1.3777472359251293
32 63 1.3742861922760832
32 64 1.4038113576824611
32 65 1.3801060261113245
32 66 1.3807352667534307
32 67 1.3742856313540979
32 68 1.4038115864802714
32 69 1.402681379052773
32 70 1.3742856313540979
32 71 1.4026675918133331
32 72 1.402794159568281
33 33 0.0
33 34 1.38384186383702
33 35 1.3856476064588812
33 36 1.3823493208915691
33 37 1.3851301303044365
33 38 1.4044035548760667
33 39 1.4044154669319715
33 40 1.4044157808967843
33 41 1.404513378553657
33 42 1.4044147594684553
33 43 1.4039272391934279
33 44 1.402947510002493
33 45 1.4029468334843527
33 46 1.4044962542519241
33 47 1.404512067078066
33 48 1.4044173911719386
33 49 1.404412817105372
33 50 1.4039295431588248
33 51 1.3805201031024232
33 52 1.383119786646693
33 53 1.3864802620524634
33 54 1.3851275734786217
33 55 1.404414700735589
33 56 0.02592645098102534
33 57 0.413356048761052
33 58 1.4053375079207069
33 59 1.3864814656216684
33 60 1.3743167443591393
33 61 1.3838415099833987
33 62 1.383131565792326
33 63 1.3805201031024232
33 64 1.405335284329949
33 65 1.3851323962309414
33 66 1.3856275357472252
33 67 1.3805196324335374
33 68 1.4053354792970187
33 69 1.4044181503882291
33 70 1.3805196324335374
33 71 1.4044035548760667
33 72 1.4045134785266653
34 34 0.0
34 35 1.027031007434395
34 36 0.07382816231247867
34 37 1.0226429707290432
34 38 1.3084870340716321
34 39 1.3085811609133258
34 40 1.3084916481770574
34 41 1.3114839601365624
34 42 1.3085964416488842
34 43 1.3084560938858223
34 44 1.2930865325950323
34 45 1.292548629341914
34 46 1.311497231987352
34 47 1.311476995807076
34 48 1.30862597929168
34 49 1.3086001567054155
34 50 1.3089605508220652
34 51 0.1360098976576004
34 52 0.9956756669943336
34 53 1.0383717493879174
34 54 1.0227866311357243
34 55 1.3085958303050622
34 56 1.385332951090922
34 57 1.3440655740116108
34 58 1.324357192700752
34 59 1.0379900896987835
34 60 0.6057778812060401
34 61 0.004797431002340618
34 62 0.9954240645103996
34 63 0.1360098976576004
34 64 1.32433399864497
34 65 1.0226471095765919
34 66 1.0265291971876425
34 67 0.135913537261881
34 68 1.3243165606514717
34 69 1.3086112914336998
34 70 0.135913537261881
34 71 1.3084870340716321
34 72 1.3114960822039368
35 35 0.0
35 36 1.0128505047215328
35 37 0.05809829788605212
35 38 1.32486679344704
35 39 1.3254626608421765
35 40 1.3254497359016695
35 41 1.3275663405339042
35 42 1.325456092233126
35 43 1.320154445320617
35 44 1.311564611392995
35 45 1.310526886170006
35 46 1.327680559333062
35 47 1.3275665387011721
35 48 1.3254807471987367
35 49 1.3254577434889805
35 50 1.3204157700819232
35 51 0.9869358647856357
35 52 0.1019499280756443
35 53 0.03233250207498854
35 54 0.057864859974614914
35 55 1.325455580574997
35 56 1.387088227986509
35 57 1.3509477553526386
35 58 1.3342956341809447
35 59 0.0319220788195321
35 60 0.8618241758351405
35 61 1.0270257058923966
35 62 0.09989633602155287
35 63 0.9869358647856357
35 64 1.3342750853559708
35 65 0.05825066667730638
35 66 0.014692461493141788
35 67 0.9870084443450671
35 68 1.3342057962320437
35 69 1.3254878039492772
35 70 0.9870084443450671
35 71 1.32486679344704
35 72 1.3276795957284704
36 36 0.0
36 37 1.0079612350144493
36 38 1.3048024666140998
36 39 1.304900778630582
36 40 1.3048010437151383
36 41 1.307849441428782
36 42 1.304908459339521
36 43 1.3044398579303236
36 44 1.2888471795514194
36 45 1.2883741088217266
36 46 1.3078630843373726
36 47 1.3078127579183665
36 48 1.3049390738376558
36 49 1.3049033623794821
36 50 1.3048933203466824
36 51 0.07891223408584755
36 52 0.9793985710903393
36 53 1.0250945931368014
36 54 1.0079434253138286
36 55 1.3049078258965998
36 56 1.3839135033344243
36 57 1.3413206690138535
36 58 1.3207721798421366
36 59 1.0246549731129093
36 60 0.5650022217451071
36 61 0.07367254679622817
36 62 0.979172925873609
36 63 0.07891223408584755
36 64 1.320748026132013
36 65 1.0079655653185122
36 66 1.0125552447193336
36 67 0.0787451850887429
36 68 1.3207301672881744
36 69 1.3049320115226464
36 70 0.0787451850887429
36 71 1.3048024666140998
36 72 1.3078618922642462
37 37 0.0
37 38 1.3234644493812515
37 39 1.324054307986445
37 40 1.3240332672244672
37 41 1.3261282262816305
37 42 1.324047630386828
37 43 1.3187514728206122
37 44 1.3099735312468395
37 45 1.3090422890577533
37 46 1.326252875666928
37 47 1.3261284278578829
37 48 1.324072691573374
37 49 1.3240492806074429
37 50 1.3189161599416221
37 51 0.9815881980425216
37 52 0.08488668383762728
37 53 0.07146396631178864
37 54 0.006475742864563203
37 55 1.3240471109284189
37 56 1.386592301152668
37 57 1.349882511856779
37 58 1.3329318685264728
37 59 0.07131053890799671
37 60 0.8552777251643842
37 61 1.0226375950130397
37 62 0.08329875935260818
37 63 0.9815881980425216
37 64 1.3329109575599576
37 65 0.0055438562930663704
37 66 0.06356467740981803
37 67 0.9816529724072333
37 68 1.3328590176603374
37 69 1.3240798637916442
37 70 0.9816529724072333
37 71 1.3234644493812515
37 72 1.3262518951904845
38 38 0.0
38 39 0.01855810832114017
38 40 0.02393998334928618
38 41 0.09796183332705323
38 42 0.01909151651227695
38 43 0.13227937752389116
38 44 0.10558116189200435
38 45 0.10412733255755338
38 46 0.09817750773046272
38 47 0.09798274438091649
38 48 0.020149465075210763
38 49 0.017615172525264632
38 50 0.13350293266702257
38 51 1.299730389719337
38 52 1.3158995025779063
38 53 1.3271340207662632
38 54 1.3234957626763812
38 55 0.018802396074191183
38 56 1.4049426552001865
38 57 1.3924578227575402
38 58 0.15135413835540096
38 59 1.3272426966304527
38 60 1.2879822935535712
38 61 1.3084857676768977
38 62 1.3165157190624825
38 63 1.299730389719337
38 64 0.1512626734458725
38 65 1.3234652778097589
38 66 1.3248465344781717
38 67 1.2997230277876028
38 68 0.15140433380794807
38 69 0.019920606982946783
38 70 1.2997230277876028
38 71 0.0
38 72 0.09806923822749575
39 39 0.0
39 40 0.015705735380013033
39 41 0.10243719356921788
39 42 0.00616433213518573
39 43 0.13315820187518757
39 44 0.10556829506091467
39 45 0.10466498126906829
39 46 0.10264337152408286
39 47 0.10245718125676606
39 48 0.006686228997692887
39 49 0.008916014968571117
39 50 0.13394765364715
39 51 1.2998440720337565
39 52 1.3164448381689735
39 53 1.3277378964301203
39 54 1.32408538464498
39 55 0.005200136889826947
39 56 1.4049538996413484
39 57 1.3924352597860739
39 58 0.15256960999922595
39 59 1.3278463887208345
39 60 1.288083605368572
39 61 1.3085798947400467
39 62 1.317070532132141
39 63 1.2998440720337565
39 64 0.1525865872822314
39 65 1.3240551307946604
39 66 1.3254396857689077
39 67 1.299836718256948
39 68 0.15272698951105068
39 69 0.004198579701121846
39 70 1.299836718256948
39 71 0.01855810832114017
39 72 0.1025398644159578
40 40 0.0
40 41 0.10377902883505283
40 42 0.016327015392091637
40 43 0.1345147731517492
40 44 0.10718961645998654
40 45 0.10630018932176115
40 46 0.10398251787838636
40 47 0.1037987553320317
40 48 0.01652979294781188
40 49 0.01755192114839841
40 50 0.13521277064539958
40 51 1.2997397856054216
40 52 1.316367754666666
40 53 1.3277252628767804
40 54 1.324064353147491
40 55 0.01598796798288785
40 56 1.4049541971682373
40 57 1.3924359724222781
40 58 0.15339252982531817
40 59 1.3278337532132636
40 60 1.2881273976567245
40 61 1.308490380995096
40 62 1.317039825096707
40 63 1.2997397856054216
40 64 0.15340956633733455
40 65 1.3240340902328944
40 66 1.3254267323193556
40 67 1.2997324299502404
40 68 0.1535492002700409
40 69 0.01625570489291598
40 70 1.2997324299502404
40 71 0.02393998334928618
40 72 0.10388035936374224
41 41 0.0
41 42 0.10277409056713448
41 43 0.10960287363470125
41 44 0.1358707442614826
41 45 0.1352239258911659
41 46 0.006641541534084353
41 47 0.0020292756273035065
41 48 0.10302965473532547
41 49 0.10296582169321125
41 50 0.11063751359975221
41 51 1.3027108962394989
41 52 1.3186528814029648
41 53 1.3298439656965162
41 54 1.3261585862083252
41 55 0.10272104673405828
41 56 1.4050445872498545
41 57 1.392799994036847
41 58 0.12254815176191892
41 59 1.3299483909053837
41 60 1.2897552715265426
41 61 1.311482730598997
41 62 1.3192935646660855
41 63 1.3027108962394989
41 64 0.12237408759336633
41 65 1.3261290292798034
41 66 1.3275495231098284
41 67 1.3027037513067001
41 68 0.12254984180408664
41 69 0.1027465136788154
41 70 1.3027037513067001
41 71 0.09796183332705323
41 72 0.004770743913178738
42 42 0.0
42 43 0.13374383907420317
42 44 0.10621731021906153
42 45 0.10520471705343483
42 46 0.1029795868207806
42 47 0.10279401198578274
42 48 0.005346808954674983
42 49 0.009970216302342516
42 50 0.13452981432231614
42 51 1.299852080723368
42 52 1.3164375753430162
42 53 1.3277315019415974
42 54 1.324078710443703
42 55 0.0033102432292478525
42 56 1.4049434853071072
42 57 1.3924284428631575
42 58 0.15271877630189468
42 59 1.3278400025644435
42 60 1.2881136008143172
42 61 1.3085951766826462
42 62 1.3170633185382
42 63 1.299852080723368
42 64 0.15273589024522685
42 65 1.32404845325855
42 66 1.3254331144220692
42 67 1.2998447282412169
42 68 0.1528761536286422
42 69 0.007455109041463751
42 70 1.2998447282412169
42 71 0.01909151651227695
42 72 0.1028764216146169
43 43 0.0
43 44 0.1631531676732493
43 45 0.16238067164480868
43 46 0.10956967637016313
43 47 0.1096215410256594
43 48 0.1339204381416123
43 49 0.13353856860680874
43 50 0.017745829825721527
43 51 1.2984223795229572
43 52 1.3107202738042931
43 53 1.3226237841518358
43 54 1.3187735912189582
43 55 0.1337032323647582
43 56 1.4044882353950252
43 57 1.3914203777404623
43 58 0.10697228779346592
43 59 1.3227136536036845
43 60 1.279269132890799
43 61 1.3084548265071094
43 62 1.3113873500122413
43 63 1.2984223795229572
43 64 0.10678342676327009
43 65 1.318752345966385
43 66 1.3201606411431976
43 67 1.2984284423192105
43 68 0.10698516173480425
43 69 0.1333762751987683
43 70 1.2984284423192105
43 71 0.13227937752389116
43 72 0.10947278667064465
44 44 0.0
44 45 0.018197781984925252
44 46 0.13584248370734714
44 47 0.13588575452437338
44 48 0.10643568685599901
44 49 0.10595774802130055
44 50 0.16229828590694617
44 51 1.2829427783668483
44 52 1.3013532126941423
44 53 1.3142607498755081
44 54 1.3099991054904716
44 55 0.10616600534753315
44 56 1.4036075003414532
44 57 1.3892769771063695
44 58 0.21981541457407427
44 59 1.3143464221402323
44 60 1.2684612666850816
44 61 1.2930850718905915
44 62 1.3019665193385814
44 63 1.2829427783668483
44 64 0.21975008587844813
44 65 1.3099744902867674
44 66 1.3115182994502608
44 67 1.2829487378561604
44 68 0.21984636648990805
44 69 0.10583944775448152
44 70 1.2829487378561604
44 71 0.10558116189200435
44 72 0.13576460034780408
45 45 0.0
45 46 0.13519553284832003
45 47 0.13523900926539004
45 48 0.10553991561165244
45 49 0.10505777509249624
45 50 0.16336384239639495
45 51 1.282476890087584
45 52 1.3005237727829786
45 53 1.313205387426283
45 54 1.3090682381437395
45 55 0.10526783096372531
45 56 1.4035960987106662
45 57 1.3892788686337125
45 58 0.2195144629380559
45 59 1.3132911833460885
45 60 1.2679674295996641
45 61 1.292547162306722
45 62 1.3011162537021543
45 63 1.282476890087584
45 64 0.21944902903177937
45 65 1.30904325523312
45 66 1.31047867520383
45 67 1.2824828456318595
45 68 0.21954544905269915
45 69 0.10493857657566691
45 70 1.2824828456318595
45 71 0.10412733255755338
45 72 0.1351172697048015
46 46 0.0
46 47 0.006944634010157157
46 48 0.10323463684509558
46 49 0.10317093197998883
46 50 0.11060462437335002
46 51 1.3027148817315064
46 52 1.318765321807803
46 53 1.3299463771326252
46 54 1.3262831844134957
46 55 0.10292665001487063
46 56 1.4050285203202655
46 57 1.3928004531345042
46 58 0.1227201542320959
46 59 1.330050787787789
46 60 1.289812002006219
46 61 1.3114960020972655
46 62 1.319405566144946
46 63 1.3027148817315064
46 64 0.12254633807811122
46 65 1.3262536774829137
46 66 1.3276639468354239
46 67 1.3027077353709693
46 68 0.12272184187643005
46 69 0.10295206560998442
46 70 1.3027077353709693
46 71 0.09817750773046272
46 72 0.004620640284064834
47 47 0.0
47 48 0.10304952629182175
47 49 0.1029857056094877
47 50 0.11065600432051315
47 51 1.3026686728464214
47 52 1.3186530994799488
47 53 1.3298441585486949
47 54 1.3261587876124046
47 55 0.10274097854648186
47 56 1.4050433570414012
47 57 1.392798019425903
47 58 0.12256482423639567
47 59 1.3299485835220741
47 60 1.2897141031481005
47 61 1.3114757661903393
47 62 1.3192937813930516
47 63 1.3026686728464214
47 64 0.12239078408462278
47 65 1.3261292308541683
47 66 1.3275497212906984
47 67 1.3026615270929771
47 68 0.12256651494960004
47 69 0.10276644063822586
47 70 1.3026615270929771
47 71 0.09798274438091649
47 72 0.005184390884347479
48 48 0.0
48 49 0.01029785890153049
48 50 0.13470532835499033
48 51 1.299884178312133
48 52 1.3164648339555702
48 53 1.3277555033783888
48 54 1.3241037616688713
48 55 0.004198901513335797
48 56 1.4049557182228316
48 57 1.3924099192756598
48 58 0.15266383332735622
48 59 1.3278639726819932
48 60 1.2881491609952753
48 61 1.30862471368747
48 62 1.3170903951086794
48 63 1.299884178312133
48 64 0.15278932550473517
48 65 1.3240735142066247
48 66 1.3254577771139802
48 67 1.2998768264485605
48 68 0.15292953812620838
48 69 0.00519871071065921
48 70 1.2998768264485605
48 71 0.020149465075210763
48 72 0.10313172952422443
49 49 0.0
49 50 0.13432576635347032
49 51 1.299846746025084
49 52 1.316439279271367
49 53 1.3277331210178334
49 54 1.324080359411923
49 55 0.009404678982888232
49 56 1.404951407990697
49 57 1.3924354574995736
49 58 0.1528391874142187
49 59 1.3278416235441464
49 60 1.2881382205972887
49 61 1.308598891300419
49 62 1.3170605116812188
49 63 1.299846746025084
49 64 0.15285635268585848
49 65 1.3240501034978063
49 66 1.3254384215184214
49 67 1.299839391771413
49 68 0.1529965035089547
49 69 0.009851503786031982
49 70 1.299839391771413
49 71 0.017615172525264632
49 72 0.10306796034739511
50 50 0.0
50 51 1.2988543868600035
50 52 1.3107813515146993
50 53 1.3228858081398067
50 54 1.3189382137131827
50 55 0.13448944939906093
50 56 1.4044904033257768
50 57 1.3914260804636378
50 58 0.10770885760901684
50 59 1.322975640773708
50 60 1.2796585459509437
50 61 1.3089592896708653
50 62 1.3114812268395684
50 63 1.2988543868600035
50 64 0.10752129095128049
50 65 1.3189170315101364
50 66 1.3204224198845553
50 67 1.2988604536978037
50 68 0.10772162820068346
50 69 0.13416438450107349
50 70 1.2988604536978037
50 71 0.13350293266702257
50 72 0.11050865302015332
51 51 0.0
51 52 0.9499898519903998
51 53 1.000317869831665
51 54 0.9815513790867207
51 55 1.2998514188326162
51 56 1.3821752235905154
51 57 1.3373407434816869
51 58 1.3155278768784449
51 59 0.9998659569037599
51 60 0.5036093144723208
51 61 0.13592603889993196
51 62 0.9497974775167045
51 63 0.0
51 64 1.3155023146108769
51 65 0.9815928820147163
51 66 0.9866488455981932
51 67 0.009967897609623754
51 68 1.3154836630689286
51 69 1.2998768088874069
51 70 0.009967897609623754
51 71 1.299730389719337
51 72 1.3027136282136746
52 52 0.0
52 53 0.12354987063706933
52 54 0.08536921010586941
52 55 1.316437010871679
52 56 1.3846845634764209
52 57 1.3453468989882311
52 58 1.3259647412245483
52 59 0.12327730050698697
52 60 0.8071820845198313
52 61 0.995669831282091
52 62 0.016594167342165685
52 63 0.9499898519903998
52 64 1.3259419759791582
52 65 0.08499083928271835
52 66 0.10286617485273485
52 67 0.9500425350507855
52 68 1.325886855302035
52 69 1.3164726346745488
52 70 0.9500425350507855
52 71 1.3158995025779063
52 72 1.3187642542504676
53 53 0.0
53 54 0.0714425685597239
53 55 1.327731003826906
53 56 1.387878918147982
53 57 1.352728208861219
53 58 1.3363907612194532
53 59 0.009896888080692681
53 60 0.8797041754107078
53 61 1.0383666367546986
53 62 0.1215435884882732
53 63 1.000317869831665
53 64 1.3363707673067615
53 65 0.07158778652616563
53 66 0.033414857685348937
53 67 1.0003879610303619
53 68 1.3363204328284528
53 69 1.3277623731586492
53 70 1.0003879610303619
53 71 1.3271340207662632
53 72 1.3299454395658126
54 54 0.0
54 55 1.3240781906727364
54 56 1.3865900340215054
54 57 1.3499014971230021
54 58 1.3329596254998588
54 59 0.0712893854985561
54 60 0.8553192210043544
54 61 1.0227812577795043
54 62 0.08372154368336616
54 63 0.9815513790867207
54 64 1.3329387218685738
54 65 0.007726148203550054
54 66 0.06360577095441586
54 67 0.9816161273815501
54 68 1.332886803144506
54 69 1.324110931827759
54 70 0.9816161273815501
54 71 1.3234957626763812
54 72 1.3262822047129978
55 55 0.0
55 56 1.404953175190764
55 57 1.392433560581847
55 58 0.15268331777293168
55 59 1.3278395048970746
55 60 1.2881128700230058
55 61 1.3085945648216168
55 62 1.3170627573537856
55 63 1.2998514188326162
55 64 0.15270043571833947
55 65 1.3240479338050362
55 66 1.3254326032340589
55 67 1.2998440647613654
55 68 0.15284073265204537
55 69 0.006679910313881487
55 70 1.2998440647613654
55 71 0.018802396074191183
55 72 0.10282343113136758
56 56 0.0
56 57 0.41051249867021894
56 58 1.4057947384121985
56 59 1.3878800606911776
56 60 1.376332054326474
56 61 1.385332614773419
56 62 1.3846958063928352
56 63 1.3821752235905154
56 64 1.4057926296696954
56 65 1.3865944285625418
56 66 1.387103967449511
56 67 1.3821747768220196
56 68 1.405792814650218
56 69 1.4049564357140265
56 70 1.3821747768220196
56 71 1.4049426552001865
56 72 1.405044681481958
57 57 0.0
57 58 1.394457379627808
57 59 1.3527310919729694
57 60 1.3255918728674403
57 61 1.3440647445426206
57 62 1.3453420501836941
57 63 1.3373407434816869
57 64 1.3944802189083332
57 65 1.3498861888470495
57 66 1.3509437344852173
57 67 1.3373395068187512
57 68 1.3944806521389324
57 69 1.3924116135309235
57 70 1.3373395068187512
57 71 1.3924578227575402
57 72 1.3928002190962085
58 58 0.0
58 59 1.3364917945165653
58 60 1.2991469140933931
58 61 1.3243561224705747
58 62 1.3265898297029242
58 63 1.3155278768784449
58 64 0.00394220506982289
58 65 1.3329326071655898
58 66 1.3343130156936702
58 67 1.3155211752477773
58 68 0.0076754108913491435
58 69 0.15255001328712747
58 70 1.3155211752477773
58 71 0.15135413835540096
58 72 0.12263378818559652
59 59 0.0
59 60 0.8790791084284325
59 61 1.0379849687964897
59 62 0.12126870265633886
59 63 0.9998659569037599
59 64 1.3364718271001361
59 65 0.07143462584296958
59 66 0.03309710719174357
59 67 0.9999360720420776
59 68 1.3364214964904098
59 69 1.3278708335513107
59 70 0.9999360720420776
59 71 1.3272426966304527
59 72 1.3300498514353432
60 60 0.0
60 61 0.6057623648254569
60 62 0.8061989424359319
60 63 0.5036093144723208
60 64 1.299116905127205
60 65 0.855248034513181
60 66 0.8614488123437106
60 67 0.5038125158429579
60 68 1.2990695875328662
60 69 1.288119878941374
60 70 0.5038125158429579
60 71 1.2879822935535712
60 72 1.2898225323733932
61 61 0.0
61 62 0.9954182252904543
61 63 0.13592603889993196
61 64 1.3243329281513794
61 65 1.0226417338282934
61 66 1.0265238878080216
61 67 0.1358296181268627
61 68 1.3243154899602438
61 69 1.30861003256289
61 70 0.1358296181268627
61 71 1.3084857676768977
61 72 1.3114948532578359
62 62 0.0
62 63 0.9497974775167045
62 64 1.3265672311043382
62 65 0.08340491160773876
62 66 0.10080872810760948
62 67 0.949849964267847
62 68 1.32651231445763
62 69 1.3170981512033701
62 70 0.949849964267847
62 71 1.3165157190624825
62 72 1.3194045065213271
63 63 0.0
63 64 1.3155023146108769
63 65 0.9815928820147163
63 66 0.9866488455981932
63 67 0.009967897609623754
63 68 1.3154836630689286
63 69 1.2998768088874069
63 70 0.009967897609623754
63 71 1.299730389719337
63 72 1.3027136282136746
64 64 0.0
64 65 1.3329116963624776
64 66 1.3342924709773463
64 67 1.3154956111740064
64 68 0.0065856891028980916
64 69 0.15267543529133873
64 70 1.3154956111740064
64 71 0.1512626734458725
64 72 0.12245984756516126
65 65 0.0
65 66 0.06370392466310043
65 67 0.9816576553283818
65 68 1.3328597569540752
65 69 1.3240806863567156
65 70 0.9816576553283818
65 71 1.3234652778097589
65 72 1.326252697015765
66 66 0.0
66 67 0.9867448181362637
66 68 1.3342230541459434
66 69 1.3254648413907228
66 70 0.9867448181362637
66 71 1.3248465344781717
66 72 1.3276629825146462
67 67 0.0
67 68 1.3154769593884426
67 69 1.2998694573140293
67 70 0.0
67 71 1.2997230277876028
67 72 1.3027064833877744
68 68 0.0
68 69 0.15281575569074238
68 70 1.3154769593884426
68 71 0.15140433380794807
68 72 0.12263547796837056
69 69 0.0
69 70 1.2998694573140293
69 71 0.019920606982946783
69 72 0.10284887249575483
70 70 0.0
70 71 1.2997230277876028
70 72 1.3027064833877744
71 71 0.0
71 72 0.09806923822749575
