64.0
64.0
64.0
64.0
64.0
64.0
32.0
64.0
64.0
64.0
64.0
72.0
32.0
64.0
64.0
32.0
29.0
29.0
29.0
29.0
29.0
29.0
29.0
29.0
29.0
29.0
29.0
29.0
29.0
29.0
29.0
32.0
32.0
64.0
64.0
32.0
72.0
32.0
32.0
32.0
29.0
72.0
32.0
32.0
32.0
72.0
72.0
32.0
32.0
64.0
32.0
32.0
32.0
32.0
32.0
32.0
72.0
32.0
32.0
64.0
64.0
64.0
64.0
64.0
64.0
32.0
29.0
29.0
29.0
72.0
72.0
72.0
72.0
72.0
72.0
72.0
72.0
29.0
64.0
64.0
64.0
64.0
64.0
64.0
64.0
64.0
72.0
64.0
72.0
72.0
72.0
72.0
72.0
72.0
72.0
72.0
72.0
72.0
72.0
72.0
72.0
72.0
72.0
72.0
72.0
72.0
72.0
72.0
29.0
32.0
29.0
29.0
29.0
29.0
29.0
29.0
29.0
29.0
29.0
29.0