144.0
52.0
22.0
52.0
22.0
52.0
22.0
22.0
22.0
144.0
14.0
22.0
144.0
14.0
22.0
22.0
144.0
22.0
22.0
22.0
14.0
22.0
22.0
144.0
22.0
22.0
144.0
22.0
52.0
22.0
22.0
22.0
52.0
22.0
22.0
22.0
22.0
22.0
22.0
22.0
14.0
22.0
52.0
22.0
144.0
22.0
22.0
14.0
22.0
22.0
22.0
52.0
22.0
22.0
52.0
22.0
22.0
22.0
144.0
52.0
22.0
22.0
22.0
22.0
22.0
22.0
22.0
52.0
22.0
22.0
22.0
22.0
22.0
22.0
22.0
144.0
52.0
22.0
22.0
52.0
22.0
22.0
22.0
14.0
22.0
22.0
22.0
52.0
22.0
22.0
52.0
22.0
144.0
22.0
22.0
22.0
22.0
52.0
22.0
22.0
52.0
22.0
52.0
52.0
52.0
22.0
22.0
52.0
22.0
22.0
22.0
22.0
22.0
22.0
22.0
22.0
22.0
14.0
22.0
14.0
22.0
52.0
22.0
52.0
22.0
22.0
22.0
22.0
22.0
52.0
22.0
52.0
22.0
52.0
144.0
22.0
22.0
22.0
52.0
22.0
22.0
14.0
52.0
144.0
22.0
22.0
22.0
22.0
22.0
22.0
22.0
144.0
14.0
22.0
22.0
22.0
22.0
22.0
22.0
22.0
52.0
22.0
14.0
22.0
22.0
52.0
144.0
22.0
22.0
22.0
22.0
22.0
14.0
22.0
22.0
22.0
14.0
22.0
22.0
52.0
22.0
22.0
22.0
144.0
22.0
144.0
22.0
52.0
22.0
52.0
52.0
22.0
22.0
22.0
14.0
22.0
52.0
52.0
52.0
52.0