112.0
39.0
112.0
112.0
39.0
112.0
39.0
39.0
39.0
39.0
30.0
39.0
112.0
39.0
112.0
39.0
39.0
39.0
39.0
39.0
112.0
30.0
39.0
112.0
39.0
39.0
39.0
112.0
150.0
30.0
112.0
112.0
39.0
34.0
39.0
39.0
30.0
39.0
39.0
39.0
39.0
112.0
39.0
30.0
39.0
30.0
112.0
39.0
39.0
39.0
112.0
150.0
112.0
112.0
39.0
39.0
39.0
39.0
39.0
39.0
30.0
150.0
34.0
39.0
150.0
39.0
150.0
39.0
39.0
39.0
39.0
39.0
39.0
112.0
39.0
39.0
39.0
39.0
112.0
39.0
112.0
112.0
39.0
39.0
39.0
39.0
39.0
112.0
150.0
150.0
39.0
112.0
39.0
39.0
39.0
34.0
39.0
112.0
39.0
112.0
39.0
112.0
39.0
39.0
112.0
112.0
39.0
39.0
30.0
112.0
39.0
112.0
150.0
39.0
39.0
39.0
39.0
150.0
112.0
30.0
112.0
39.0
39.0
39.0
39.0
39.0
39.0
39.0
30.0
39.0
39.0
150.0
39.0
39.0
39.0
39.0
112.0
39.0
39.0
150.0
39.0
150.0
39.0
112.0
39.0
39.0
39.0
39.0
39.0
150.0
112.0
39.0
39.0
39.0
150.0
150.0
39.0
150.0
112.0
39.0
150.0
39.0
39.0
39.0
112.0
150.0
39.0
39.0
150.0
39.0
39.0
39.0
39.0
39.0
39.0
39.0
39.0
112.0
30.0
112.0
39.0
39.0
39.0
39.0
39.0
112.0
112.0
39.0
112.0
39.0
39.0
150.0
39.0
39.0
39.0
39.0
39.0
112.0
39.0
112.0