199.0
108.0
108.0
108.0
108.0
108.0
108.0
199.0
108.0
108.0
108.0
108.0
108.0
108.0
186.0
108.0
108.0
108.0
108.0
108.0
199.0
108.0
108.0
108.0
108.0
108.0
108.0
108.0
108.0
108.0
108.0
199.0
108.0
108.0
186.0
108.0
108.0
108.0
108.0
186.0
108.0
199.0
108.0
108.0
186.0
108.0
199.0
108.0
108.0
108.0
108.0
199.0
108.0
108.0
108.0
108.0
108.0
108.0
108.0
108.0
108.0
111.0
108.0
199.0
108.0
108.0
108.0
108.0
108.0
108.0
186.0
199.0
108.0
186.0
186.0
108.0
199.0
108.0
108.0
108.0
186.0
108.0
108.0
199.0
199.0
108.0
108.0
108.0
108.0
108.0
186.0
199.0
108.0
108.0
108.0
108.0
108.0
108.0
108.0
108.0
186.0
186.0
186.0
108.0
108.0
199.0
108.0
108.0
108.0
108.0
111.0
199.0
108.0
108.0
108.0
108.0
108.0
108.0
199.0
108.0
108.0
108.0
108.0
108.0
111.0
108.0
199.0
186.0
199.0
108.0
108.0
108.0
108.0
186.0
108.0
108.0
108.0
108.0
108.0
108.0
108.0
199.0
108.0
108.0
108.0
108.0
199.0
108.0
108.0
108.0
108.0
108.0
108.0
108.0
108.0
108.0
108.0
108.0
186.0
108.0
108.0
199.0
111.0
108.0
108.0
108.0
108.0
108.0
108.0
186.0
186.0
108.0
108.0
108.0
108.0
108.0
108.0
108.0
108.0
108.0
108.0
108.0
108.0
108.0
199.0
186.0
108.0
108.0
108.0
108.0
108.0
199.0
108.0
108.0
199.0
108.0
108.0
108.0
199.0
108.0