45.0
45.0
45.0
45.0
45.0
45.0
45.0
45.0
45.0
15.0
45.0
12.0
15.0
15.0
15.0
15.0
12.0
12.0
15.0
45.0
15.0
15.0
12.0
15.0
12.0
15.0
15.0
12.0
12.0
45.0
45.0
45.0
45.0
45.0
15.0
12.0
15.0
15.0
15.0
15.0
12.0
12.0
15.0
15.0
45.0
45.0
69.0
45.0
69.0
69.0
69.0
69.0
69.0
69.0
69.0
69.0
69.0
69.0
69.0
69.0
45.0
69.0
69.0
69.0
69.0
69.0
12.0
69.0
69.0
69.0
69.0
69.0
69.0
69.0
69.0
69.0
69.0
69.0
69.0
69.0
69.0
69.0
69.0
15.0
69.0
69.0
69.0
69.0
69.0
69.0
69.0
69.0
69.0
69.0
69.0
69.0
69.0
69.0
69.0
69.0
69.0
69.0
69.0
69.0
69.0
69.0
69.0
45.0
45.0
45.0
45.0
45.0
45.0
45.0
45.0
45.0
69.0
69.0
69.0
45.0