100.0
49.0
49.0
100.0
49.0
100.0
49.0
49.0
100.0
49.0
49.0
49.0
49.0
100.0
49.0
100.0
100.0
49.0
49.0
49.0
49.0
49.0
49.0
49.0
49.0
49.0
49.0
100.0
49.0
49.0
49.0
49.0
100.0
49.0
49.0
49.0
49.0
49.0
49.0
49.0
49.0
49.0
49.0
49.0
49.0
49.0
49.0
100.0
49.0
100.0
49.0
100.0
100.0
100.0
49.0
49.0
49.0
49.0
49.0
49.0
49.0
49.0
49.0
49.0
49.0
100.0
100.0
49.0
49.0
49.0
49.0
49.0
49.0
49.0
49.0
49.0
49.0
49.0
49.0
49.0
100.0
49.0
49.0
100.0
49.0
49.0
49.0
49.0
100.0
49.0
100.0
100.0
49.0
49.0
49.0
100.0
49.0
49.0
49.0
100.0